produto;id_produto;dsc_safra;estoque_inicial_1000t;producao_1000t;importacao_1000t;consumo_1000t;exportacao_1000t;estoque_final_1000t
ALGODAO EM PLUMA                        ;11182;1999/00        ;380,09;700,3;299,9;885,0;28,5;466,79
ALGODAO EM PLUMA                        ;11182;2000/01        ;466,79;938,8;81,3;865,0;147,3;474,59
ALGODAO EM PLUMA                        ;11182;2001/02        ;474,59;766,2;67,6;815,0;109,6;383,79
ALGODAO EM PLUMA                        ;11182;2002/03        ;383,79;847,5;118,9;830,0;175,4;344,79
ALGODAO EM PLUMA                        ;11182;2003/04        ;344,79;1309,4;105,2;903,4;331,0;524,99
ALGODAO EM PLUMA                        ;11182;2004/05        ;524,99;1298,7;37,621;945,9;390,963;524,448
ALGODAO EM PLUMA                        ;11182;2005/06        ;524,448;1037,8;81,6;983,4;304,5;355,948
ALGODAO EM PLUMA                        ;11182;2006/07        ;355,948;1524,0;96,781;990,0;419,4;567,329
ALGODAO EM PLUMA                        ;11182;2007/08        ;567,329;1602,2;33,71;995,3;532,949;674,99
ALGODAO EM PLUMA                        ;11182;2008/09        ;674,99;1213,7;14,459;1004,1;504,9;394,149
ALGODAO EM PLUMA                        ;11182;2009/10        ;394,149;1194,1;39,22;1039,0;512,5;75,969
ALGODAO EM PLUMA                        ;11182;2010/11        ;75,969;1959,8;144,2;860,0;758,3;561,669
ALGODAO EM PLUMA                        ;11182;2011/12        ;561,669;1893,3;3,5;840,0;1052,8;565,669
ALGODAO EM PLUMA                        ;11182;2012/13        ;565,669;1310,3;17,4;875,0;572,913;445,456
ALGODAO EM PLUMA                        ;11182;2013/14        ;445,456;1734,0;31,456566;810,0;748,6;652,312566
ALGODAO EM PLUMA                        ;11182;2014/15        ;652,312566;1562,8;2,1;670,0;834,3;712,912566
ALGODAO EM PLUMA                        ;11182;2015/16        ;712,9;1289,2;27,0;640,0;804,0;585,1
ALGODAO EM PLUMA                        ;11182;2016/17        ;585,1;1529,5;33,6;685,0;834,1;629,1
ALGODAO EM PLUMA                        ;11182;2017/18        ;629,1;2005,8;19,6;700,0;974,0;980,5
ALGODAO EM PLUMA                        ;11182;2018/19        ;980,5;2778,8;1,7;720,0;1613,7;1427,3
ALGODAO EM PLUMA                        ;11182;2019/20        ;1427,3;3001,6;2,2;690,0;2125,4;1615,7
ALGODAO EM PLUMA                        ;11182;2020/21        ;1615,7;2359,0;4,6;720,0;2016,6;1242,7
ALGODAO EM PLUMA                        ;11182;2021/22        ;1242,7;2554,1;2,3;675,0;1803,7;1320,4
ALGODAO EM PLUMA                        ;11182;2022/23        ;1320,4;3173,3;1,7;680,0;1618,2;2197,2
ALGODAO EM PLUMA                        ;11182;2023/24        ;2197,2;3644,0;1,0;695,0;2830,0;2317,2
ARROZ                                   ;11159;1999/00        ;2571,1;11423,1;910,0;12335,4;38,1;2530,7
ARROZ                                   ;11159;2000/01        ;2530,7;10386,0;964,2;11505,1;31,3;2344,5
ARROZ                                   ;11159;2001/02        ;2344,5;10626,1;768,6;11271,4;43,9;2423,9
ARROZ                                   ;11159;2002/03        ;2423,9;10367,1;1541,1;11993,1;28,4;2310,6
ARROZ                                   ;11159;2003/04        ;2310,6;12960,3912;1206,7;13485,7;53,7;2938,3
ARROZ                                   ;11159;2004/05        ;2938,3;13355,0344;694,2;13630,5;416,5;2940,5
ARROZ                                   ;11159;2005/06        ;2940,5;11721,73779;885,8;12308,4;426,2;2813,4
ARROZ                                   ;11159;2006/07        ;2813,4;11315,9;992,8;12305,5;295,9;2520,7
ARROZ                                   ;11159;2007/08        ;2520,7;12074,0;605,9;12148,0;749,8;2302,8
ARROZ                                   ;11159;2008/09        ;2302,8;12602,5;839,3;12137,8;827,9;2778,9
ARROZ                                   ;11159;2009/10        ;2778,9;11660,9;1086,2;12062,3;628,8;2834,9
ARROZ                                   ;11159;2010/11        ;2834,9;13613,1;839,7;12083,4;1892,5;3311,8
ARROZ                                   ;11159;2011/12        ;3311,8;11599,5;987,4;11681,9;1600,3;2616,5
ARROZ                                   ;11159;2012/13        ;2616,5;11819,7;1027,0;11854,2;1234,7;2374,3
ARROZ                                   ;11159;2013/14        ;2374,3;12121,6;856,6;11821,2;1226,4;2304,9
ARROZ                                   ;11159;2014/15        ;2304,9;12448,6;510,0;11830,5;1311,1;2121,9
ARROZ                                   ;11159;2015/16        ;2121,9;10603,0;1044,1;11096,6;935,5;1736,9
ARROZ                                   ;11159;2016/17        ;1736,9;12327,8;1141,7;12215,7;868,8;2121,9
ARROZ                                   ;11159;2017/18        ;2121,9;12064,2;842,7;10793,7;1809,3;2425,8
ARROZ                                   ;11159;2018/19        ;2425,8;10483,6;1012,5;10544,6;1432,3;1945,0
ARROZ                                   ;11159;2019/20        ;1945,0;11183,4;1280,8;10708,3;1813,4;1887,5
ARROZ                                   ;11159;2020/21        ;1887,5;11766,4;1004,1;10832,4;1143,5;2682,1
ARROZ                                   ;11159;2021/22        ;2682,1;10780,5;1212,3;9996,6;2111,3;2567,0
ARROZ                                   ;11159;2022/23        ;2567,0;10031,8;1442,5;10329,8;1753,9;1957,6
ARROZ                                   ;11159;2023/24        ;1957,6;10589,1;1700,0;11000,0;1300,0;1946,7
FEIJAO                                  ;3944;1999/00        ;132,7;3098,0;78,8;3050,0;4,7;254,8
FEIJAO                                  ;3944;2000/01        ;254,8;2587,1;129,8;2880,0;2,3;89,4
FEIJAO                                  ;3944;2001/02        ;89,4;2983,0;82,2;3050,0;16,1;88,5
FEIJAO                                  ;3944;2002/03        ;88,5;3205,0;103,1;3150,0;2,7;243,9
FEIJAO                                  ;3944;2003/04        ;243,9;2978,3;78,9;3150,0;2,0;149,1
FEIJAO                                  ;3944;2004/05        ;149,1;3045,5;100,4;3200,0;2,1;92,9
FEIJAO                                  ;3944;2005/06        ;92,9;3471,2;69,8;3450,0;7,7;176,2
FEIJAO                                  ;3944;2006/07        ;176,2;3339,7;96,0;3500,0;30,5;81,4
FEIJAO                                  ;3944;2007/08        ;81,4;3520,9;209,7;3580,0;2,0;230,0
FEIJAO                                  ;3944;2008/09        ;230,0;3502,7;110,0;3500,0;25,0;317,7
FEIJAO                                  ;3944;2009/10        ;317,7;3322,5;181,2;3450,0;4,5;366,9
FEIJAO                                  ;3944;2010/11        ;366,9;3732,8;207,1;3600,0;20,4;686,4
FEIJAO                                  ;3944;2011/12        ;686,4;2918,4;312,3;3500,0;43,3;373,8
FEIJAO                                  ;3944;2012/13        ;373,8;2806,3;304,4;3320,0;35,3;129,2
FEIJAO                                  ;3944;2013/14        ;129,2;3453,7;135,9;3350,0;65,0;303,8
FEIJAO                                  ;3944;2014/15        ;303,8;3210,2;156,7;3350,0;122,6;198,1
FEIJAO                                  ;3944;2015/16        ;198,1;2512,9;325,0;2800,0;50,0;186,0
FEIJAO                                  ;3944;2016/17        ;208,3;3399,5;137,6;3300,0;122,6;322,8
FEIJAO                                  ;3944;2017/18        ;322,8;3116,1;81,1;3050,0;162,7;307,3
FEIJAO                                  ;3944;2018/19        ;307,3;3017,7;150,8;3050,0;166,1;259,7
FEIJAO                                  ;3944;2019/20        ;259,7;3222,1;113,6;3150,0;176,7;268,7
FEIJAO                                  ;3944;2020/21        ;268,7;2893,8;83,1;2893,8;223,7;128,1
FEIJAO                                  ;3944;2021/22        ;128,1;2990,2;76,1;2850,0;136,1;208,3
FEIJAO                                  ;3944;2022/23        ;208,3;3036,7;69,0;2850,0;139,0;325,0
FEIJAO                                  ;3944;2023/24        ;325,0;3259,0;50,0;2850,0;150,0;634,0
MILHO                                   ;4742;1999/00        ;4666,1;31640,9;1770,5;34480,0;6,7;3590,8
MILHO                                   ;4742;2000/01        ;3590,8;42289,3;548,8249;34910,2697132758;5917,748093;5600,9070937242
MILHO                                   ;4742;2001/02        ;5600,9070937242;35280,7;362,3;35594,1874493321;2509,001;3140,7186443921
MILHO                                   ;4742;2002/03        ;3140,7186443921;47410,9;806,2;36917,4629837471;4050,314;10390,041660645
MILHO                                   ;4742;2003/04        ;10390,041660645;42128,5;299,4;38110,4360893041;4688,384;10019,121571341
MILHO                                   ;4742;2004/05        ;10019,121571341;35006,7;596,1;39527,4337461646;883,273;5211,2148251764
MILHO                                   ;4742;2005/06        ;5211,2148251764;42514,9;1011,3;40033,7426700911;4340,273;4363,3991550853
MILHO                                   ;4742;2006/07        ;4363,3991550853;51369,9;1164,3;42839,4184561453;10862,677;3195,5036989401
MILHO                                   ;4742;2007/08        ;3195,5036989401;58652,3;652,0;45408,2541904722;7368,853;9722,6965084679
MILHO                                   ;4742;2008/09        ;9722,6965084679;51003,8;1181,6;46760,9195493355;7333,924263;7813,2526961324
MILHO                                   ;4742;2009/10        ;7813,2526961324;56018,1;388,9;49223,9371642243;10882,389953;4113,9255789081
MILHO                                   ;4742;2010/11        ;4113,9255789081;57406,9;764,1;50653,2989330378;9278,460964;2353,1656818703
MILHO                                   ;4742;2011/12        ;2353,1656818703;72979,5;776,1;51683,5354073738;22293,419269;2131,8110054965
MILHO                                   ;4742;2012/13        ;2131,8110054965;81505,7;893,2;52646,6395356007;26163,44406;5720,6274098958
MILHO                                   ;4742;2013/14        ;5720,6274098958;80051,7;789,2;53520,8195640592;20882,805988;12157,9018578366
MILHO                                   ;4742;2014/15        ;12158,1;84672,4;315,4;56483,3;30131,3;10531,3
MILHO                                   ;4742;2015/16        ;10531,056327;66530,6;3336,2;56319,146425;18847,286733;5231,423169
MILHO                                   ;4742;2016/17        ;5305,1;97842,8;952,5;57547,9;30813,147127;15739,352873
MILHO                                   ;4742;2017/18        ;15739,352873;80709,5;900,7;59048,4;23742,239475;14558,913398
MILHO                                   ;4742;2018/19        ;14558,913398;100042,7;1596,4;61937,4;41074,0;13186,613398
MILHO                                   ;4742;2019/20        ;13186,613398;102586,4;1453,4;67021,4;34892,906833;15312,106565
MILHO                                   ;4742;2020/21        ;15312,106565;87096,8;3090,715167;71168,6;20815,735513;13515,286219
MILHO                                   ;4742;2021/22        ;13515,286219;113130,4;2615,1;74534,6;46630,3;8095,886219
MILHO                                   ;4742;2022/23        ;8095,886219;131892,6;1313,2;79598,9;54634,4;7068,386219
MILHO                                   ;4742;2023/24        ;7068,386219;115648,6;2500,0;84243,1;36000,0;4973,8862189999
SOJA                                    ;4744;2020/21        ;4220,755;139385,3;863,703474;49013,3;86109,8;9346,658474
SOJA                                    ;4744;2021/22        ;9346,658474;125549,8;419,172016;50623,45;78730,124033;5962,056457
SOJA                                    ;4744;2022/23        ;5962,056457;154609,5;181,024398;55591,6965;101862,642178;3298,242177
SOJA                                    ;4744;2023/24        ;3298,242177;147381,8;800,0;55959,5452715954;92434,374294493;3086,1226109117
TRIGO                                   ;11153;2001/02        ;816,4;3194,2;7055,4;10059,2;4,7;1002,1
TRIGO                                   ;11153;2002/03        ;1002,1;2913,9;6853,2;9851,5;5,0;912,7
TRIGO                                   ;11153;2003/04        ;912,7;6073,5;5373,8;9642,0;1373,3;1344,7
TRIGO                                   ;11153;2004/05        ;1344,7;5845,9;4971,2;9803,0;3,5;2355,3
TRIGO                                   ;11153;2005/06        ;2355,3;4873,1;5844,2;10215,9;784,9;2071,8
TRIGO                                   ;11153;2006/07        ;2071,8;2233,7;7164,1;10112,0;19,7;1337,9
TRIGO                                   ;11153;2007/08        ;1337,9;4097,1;5926,4;9719,0;746,7;895,7
TRIGO                                   ;11153;2008/09        ;895,7;5884,0;5676,4;9398,0;351,4;2706,7
TRIGO                                   ;11153;2009/10        ;2706,7;5026,2;5922,2;9604,8;1170,4;2879,9
TRIGO                                   ;11153;2010/11        ;2879,9;5881,6;5798,4;9842,4;2515,9;2201,6
TRIGO                                   ;11153;2011/12        ;2201,6;5842,2;6011,8;10144,9;1901,0;2009,7
TRIGO                                   ;11153;2012/13        ;2009,7;4379,5;7010,2;10092,0;1683,9;1623,5
TRIGO                                   ;11153;2013/14        ;1623,5;5527,8;6642,4;10982,2;47,4;2764,1
TRIGO                                   ;11153;2014/15        ;2764,1;5971,1;5328,9;10652,2;1680,5;1731,4
TRIGO                                   ;11153;2015/16        ;1731,4;5534,9;5517,6;10312,7;1050,5;1420,7
TRIGO                                   ;11153;2016/17        ;1420,7;6726,8;7088,5;11470,5;576,8;3188,7
TRIGO                                   ;11153;2017/18        ;3188,7;4262,1;6387,5;11244,7;206,2;2387,4
TRIGO                                   ;11153;2018/19        ;2387,4;5427,6;6738,6;11360,8;582,9;2609,9
TRIGO                                   ;11153;2019/20        ;2609,9;5154,7;6676,7;11860,6;342,3;2238,4
TRIGO                                   ;11153;2020/21        ;2238,4;6234,6;6007,8;11599,0;823,1;2058,7
TRIGO                                   ;11153;2021/22        ;2058,7;7679,4;6080,1;11849,8;3045,9;922,5
TRIGO                                   ;11153;2022/23        ;922,5;10554,4;4514,2;11894,1;2656,6;1440,4
TRIGO                                   ;11153;2023/24        ;1440,4;8096,8;5800,0;11943,6;2800,0;593,6
TRIGO                                   ;11153;2024/25        ;593,6;8836,5;6000,0;11892,0;2000,0;1538,1
